[MobileBanking.jpg]
moddate=14b986be700fd101
width=1300
height=400
text=1;171;40;Idea Bank Bangladesh&#010;     Mobile Banking;Times New Roman;0.007839,0.255690,0.200000,0.000000;v1,4292999656,4280887745,128.000000,1.000000,0.000000,1.000000,400,0,49152;;
textactive=1
